[Main]
screen_width = 1920
screen_height = 1080
color_lower_bound = 60 32 28
color_upper_bound = 130 255 255
dilate_iterations = 1
contouring = True
interp = 0.9
noshake = 2

[Calibration]
source = 0.68125 0.28958333333333336 0.76875 0.65625 0.359375 0.27708333333333335 0.26875 0.6979166666666666
warp = -0.16173214069609276 -3.4656029182770753 0.0 -0.3845733663228339 4.1646026229243684 0.8270188782252115 0.0 1.490507915403476 0.0 0.0 1 0.0 -1.0958194887059682 2.1214511045902067 0.0 0.8303643553051732

